#min_rs
5.12
7.66
4.41
4.32
5.18
2.51
6.64
2.9
4.52
16.29
7.62
2.87
4.45
9.8
7.24
11.25
8.51
6.31
9.11
8.81
9.75
6.58
6.95
8.66
7.77
11.28
8.45
5.73
10.03
5.12
1.22
4.01
8.54
7.86
8.76
10.28
21.02
7.82
23.29
7.72
20.94
17.15
4.18
2.39
6.6
11.2
52.53
3.76
2.44
16.84
8.16
18.59
3.98
9.39
32.51
31.56
2.92
11.11
11.62
16.11
19.79
14.71
18.47
11.81
17.2
13.86
48.09
18.64
5.11
10.76
29.74
13.6
12.88
38.04
9.75
6.74
17.23
11.42
11.4
32.67
7.49
7.93
5.88
7.21
8.41
3.3
7.6
65.74
6.51
184.96
3.47
19.83
31.47
12.91
13.94
11.19
15.24
7.3
10.16
3.49
5.06
9.13
3.63
9.27
5.52
4.8
16.41
48.52
1.48
18.69
14.48
15.2
8.49
7.82
6.58
6.13
2.78
8.56
11.92
6.72
8.53
6.4
3.33
10.57
1.53
7.04
6.09
9.22
9.89
7.14
5.89
41.1
10.96
4.86
13.66
144.96
6.79
9.08
8.03
10.21
5.93
7.84
10.31
6.92
10.56
4.52
9.59
10.56
5.42
5.36
4.21
5.98
5.66
6.21
11.41
4.72
2.18
4.16
7.53
23.62
6.17
15.77
30.67
7.55
8.26
19.2
11.96
13.16
33.62
12.47
5.44
9.05
3.69
2.82
2.45

