#Vfalt
0
0
0
57.7
46.1
47
66.3
53.4
60
175
109.1
0
314.6
50
109.9
0
116.6
0
0
0
0
112.3
139.7
83.6
97.8
0
112.1
85.8
0
66.4
242.6
33.7
106.3
85.6
88.1
104.9
163
93.3
220.1
216.1
109.8
164.4
71.9
50.2
131.2
154
284.8
184.6
83.5
0
85.4
209.9
66.2
150.1
213.7
168
50.1
118.6
168.4
174
135.9
163
220.8
132.7
241
125.8
172.9
157
0
131.5
171.7
158.2
147.3
184.7
110.6
80.1
181.3
0
121.2
262.2
194.2
179
209.5
90.3
215
293.6
154.1
251.7
116.3
241.3
0
158.9
239
0
218.9
18.6
129.3
0
0
73.3
0
103.7
55.2
0
86.2
0
332
289.5
182.7
264.9
219.6
196.9
126.2
91.4
34.5
90.9
0
72.8
98.9
213.7
0
73.1
79.7
0
0
0
0
113
0
85
82.2
199.8
41.8
83.8
219.4
248.1
71.2
108.7
79.6
107.2
174.2
109
0
65.2
73.5
0
74.7
0
103
79.5
0
0
61.6
0
57.4
0
82.4
78.6
56.9
182.4
0
152.3
226.8
33.6
71.4
269.4
0
0
288.1
234
71.7
0
0
56.4
37

