#Total Luminosity	Mean  err on L	Disc scale length	Total HI mass	HI radius at 1 Msun/pc2
0.075	0.003	0.47	0.012	1.21
0.325	0.022	1.24	0.081	0
0.033	0.004	0.61	0.029	0
0.196	0.009	0.7	0.29	0
0.157	0.007	0.69	0.211	3.49
0.053	0.002	0.37	0.275	4.96
0.548	0.015	1.22	1.378	10.69
0.191	0.005	1.02	0.413	4.3
0.543	0.03	1.95	0.735	9.14
51.733	0.524	5.08	3.14	17.67
4.292	0.071	1.51	1.083	9.58
0.071	0.003	0.46	0.135	2.95
311.177	2.579	5.45	24.298	55.71
4.077	0.327	2.79	1.622	10.69
1.903	0.17	3.52	3.2	23.47
1.54	0.165	3.79	0.61	6.83
2.986	0.267	2.43	2.169	11.37
0.559	0.098	2.17	0.699	7.31
2.134	0.305	3.08	2.449	14.94
6.252	0.564	5.18	4.498	16.31
8.346	0.592	4.99	3.195	16.14
3.825	0.384	2.85	2.491	14.38
10.164	0.412	3.56	1.782	24.55
1.849	0.267	2.47	1.217	10.1
6.537	0.596	4.46	3.524	16.19
2.877	0.384	3.76	1.701	12.61
11.848	0.742	3.37	2.245	20.96
0.986	0.093	2.36	2.126	15.65
1.715	0.185	1.93	0.641	7.8
1.016	0.012	2.78	1.036	10.81
179.749	3.311	4.78	12.326	32.13
0.085	0.007	1.34	0.115	2.9
3.889	0.036	1.34	0.676	7.29
4.628	0.013	6.11	1.565	10.24
3.232	0.063	1.66	1.99	16.36
7.332	0.027	3.74	1.746	12.79
72.065	0.465	6.74	27.469	49.51
2.922	0.008	1.75	0.936	9.2
312.57	3.455	8.72	23.201	44.99
138.34	0.255	2.55	4.462	18.16
6.82	0.075	1.61	5.88	33.33
72.045	0.796	3.53	8.783	30.49
0.533	0.01	0.39	0.139	2.36
0.236	0.005	0.65	0.647	6.94
10.041	0.028	1.39	3.199	15.11
80.415	0.222	2.18	1.406	13.79
188.121	0.52	3.64	9.775	45.12
81.863	0.151	2.33	2.552	13.76
0.641	0.008	0.55	0.508	7.16
319.422	4.413	18.76	28.949	40.34
3.371	0.019	1.01	0.172	3.04
150.902	2.085	6.2	23.451	43.58
0.194	0.002	1.56	0.477	6
38.279	0.212	3.14	10.869	35.66
84.836	0.156	2.4	4.154	18.85
70.234	0.388	3.4	6.473	22.2
0.028	0.001	0.2	0.182	4.2
18.679	0.189	3.38	5.529	22.57
72.535	0.401	2.53	1.483	11.47
58.525	0.377	2.38	5.799	20.84
21.966	0.202	2.63	1.888	14.08
38.067	0.28	3.59	3.371	13.72
141.301	0.521	4.89	2.832	17.38
14.353	0.172	2.18	1.214	10.05
226.932	0.836	4.96	16.599	32.75
17.193	0.19	2.81	2.832	17.59
79.094	0.364	3.53	2.967	31.35
95.268	0.439	4.65	2.697	15.13
0.236	0.005	0.59	0.154	3.18
21.724	0.2	1.65	1.349	10.16
107.286	0.494	2.58	8.226	22.25
59.394	0.328	2.15	3.102	18.06
44.111	0.284	1.51	1.483	18.58
105.62	0.486	2.32	8.226	24.09
10.838	0.15	2.79	3.506	16.07
1.141	0.008	0.51	0.486	5.84
85.299	0.393	2.94	2.562	16.7
21.328	0.216	2.79	0.539	6.81
19.377	0.107	2.1	5.811	21.16
178.72	0.494	9.45	1.28	10.41
110.509	0.407	5.16	11.314	29.53
152.922	0.282	3.2	11.722	35.06
340.393	1.881	7.44	11.18	30.03
2.943	0.033	1.53	1.683	10.92
175.425	0.646	5.34	21.025	0
208.728	1.538	7.01	11.586	39.5
32.129	0.237	2.3	5.834	21.43
391.076	6.123	13.94	20.907	40.89
12.845	0.059	2.16	1.744	14.05
214.654	1.977	6.04	32.165	50.02
0.1	0.003	0.31	0.017	0.97
66.173	0.122	2.44	5.67	21.25
250.631	0.693	5.02	11.067	27.01
7.05	0.026	1.21	0.861	7.35
74.529	0.343	2.54	1.07	12.15
0.155	0.014	0.53	0.201	4.29
12.02	0.565	5.95	7.431	31.27
2.004	0.063	1.58	1.343	10.03
2.989	0.146	2.45	3.663	16.78
0.323	0.019	2.3	1.807	11.57
0.374	0.017	1.43	0.428	6.23
7.62	0.379	4.34	6.43	26.29
0.353	0.009	1.63	0.294	5.26
1.308	0.033	1.55	0.477	6.5
1.725	0.038	1.62	0.494	7.28
3.649	0.034	0.99	0.803	7.11
489.955	4.061	7.89	17.963	40.2
403.525	4.088	11.4	40.075	74.24
124.153	1.83	6.15	23.273	34.24
259.518	0.717	3.55	7.678	24
113.642	1.361	3.19	9.677	28.6
101.336	0.747	3.79	2.675	18.37
13.266	0.195	2.43	4.37	19.97
1.307	0.026	2.21	1.116	8.9
0.736	0.007	1.16	0.69	7.41
2.026	0.035	1.86	0.678	6.61
0.013	0.001	0.18	0.032	1.46
1.552	0.043	1.73	1.1	8.67
4.1	0.283	3.2	3.093	21.61
171.582	0.79	8.07	16.396	36.64
1.123	0.028	1.47	0.574	6.65
0.588	0.042	1.14	1.094	10.64
0.531	0.011	0.38	0.562	6.74
3.336	0.264	3.46	1.099	16.79
0.085	0.006	1.17	0.163	3.51
0.564	0.019	1.99	1.023	7.87
0.233	0.011	1.66	0.297	5.9
4.695	0.048	1.67	2.667	16.53
3.384	0.231	3.22	2.022	15.26
2.296	0.072	2.05	0.674	8.8
0.988	0.032	1.49	1.379	10.33
124.35	2.52	5.1	21.888	60.63
3.739	0.076	2.82	1.5	10.47
1.397	0.066	5.15	0.809	8.59
73.407	0.676	3.6	5.03	20.31
98.256	0.543	5.37	5.03	26.44
1.588	0.057	1.39	1.079	6.96
6.832	0.12	2.76	2.023	12.67
2.89	0.077	1.44	0.809	6.75
8.932	0.14	3.94	3.237	16.76
53.87	0.347	1.07	1.753	11.57
5.298	0.102	3.21	2.967	16.07
3.585	0.089	2.26	1.214	9.29
2.712	0.08	3.38	4.629	23.04
2.284	0.025	1.25	0.616	6.39
0.113	0.002	0.29	0.046	1.54
1.753	0.048	1.2	1.388	10.1
4.109	0.042	2.26	0.722	7.14
1.156	0.024	1.64	0.745	7.85
2.436	0.025	3.46	1.779	12.11
0.109	0.004	0.58	0.169	3.76
0.045	0.002	0.9	0.044	2.07
0.376	0.008	0.53	0.258	4.37
0.264	0.012	1.5	0.535	6.73
0.858	0.018	0.57	0.39	5.5
0.124	0.004	0.61	0.118	3.3
1.255	0.018	1.05	0.642	8.07
1.017	0.012	0.67	0.72	7.8
0.289	0.009	0.45	0.288	5.59
50.302	0.695	3.09	3.738	19.05
0.501	0.015	1.72	0.32	4.75
68.614	1.769	4.28	19.078	39.72
282.926	2.345	6.97	33.428	60.35
0.336	0.017	1.04	0.318	5.45
1.741	0.053	1.8	1.196	9.58
374.322	3.792	5.93	13.335	43.44
12.101	0.212	2.75	2.605	16.66
0.97	0.047	2.08	1.977	12.99
150.028	0.553	2.44	0.888	9.26
139.571	3.214	7.38	35.556	59.01
1.301	0.03	2.42	1.744	12.6
1.667	0.048	1.98	3.66	17.41
0.194	0.007	1.72	0.062	1.83
0.14	0.005	1.18	0.263	4.37
0.012	0	0.83	0.067	2.08

