#Disk Central surfacce brightness
66.2
93.94
21.13
115.04
151.65
71.26
169.37
92.22
73.93
2295.25
1320.78
66.81
6558.89
93.07
41.77
40.63
146.16
40.26
46.65
57.13
132.08
90.54
87.26
64.39
128.48
41.38
201.76
60.93
83.34
80.32
8888.53
52.1
1182.58
391.59
1193.52
506.79
69.96
437.35
1558.94
5067.92
1345.33
2055.09
587.26
113.98
1408.74
10205.4
4751.49
1193.52
313.93
50.68
1502.55
774.16
140.87
1602.62
2112.66
1789.91
143.49
160.26
3410.59
2055.09
1226.96
185.71
1999.08
1587.93
3257.09
2611.14
10205.4
1320.78
261.11
5021.46
3988.69
8970.78
3952.12
23813.87
1098.58
1308.67
4373.51
322.72
1602.62
96.57
614.94
3348.34
1395.82
297.05
8646.29
1461.61
1926.77
174.11
398.87
1370.35
319.76
2232.7
1806.47
1068.64
2635.3
93.94
88.89
207.41
126.13
82.57
113.98
69.32
135.78
121.57
172.52
795.85
1150.35
470.79
520.99
4215.31
3915.89
922.21
302.57
377.42
88.07
213.22
82.57
127.3
65.59
189.16
127.3
90.54
913.76
124.98
33.79
63.22
24.94
1725.16
51.62
311.05
86.46
540.54
103
614.94
1078.52
429.37
286.31
261.11
347.4
189.16
12730.05
121.57
520.99
103
965.67
227.42
566.02
283.68
135.78
106.86
55.06
54.55
520.99
46.65
395.21
97.46
1488.78
576.54
1284.78
1370.35
77.42
841.07
864.63
73.25
158.79
9568.2
337.93
34.11
3168.33
5608.28
66.81
120.46
12.05
116.1
22.74

